模型：TextCNN

Accuracy : 0.1930
Precision: 0.2531
Recall   : 0.1930
F1-score : 0.1561

分类报告：
              precision    recall  f1-score   support

           0       0.18      0.64      0.28       350
           1       0.23      0.26      0.24       325
           2       0.14      0.39      0.21       339
           3       0.00      0.00      0.00       302
           4       0.30      0.23      0.26       262
           5       0.20      0.02      0.04       323
           6       0.11      0.01      0.01       290
           7       0.17      0.19      0.18       318
           8       0.18      0.33      0.23       285
           9       0.21      0.11      0.14       321
          10       1.00      0.14      0.25       297
          11       0.00      0.00      0.00        13
          12       0.36      0.01      0.03       297
          13       0.27      0.10      0.14       278

    accuracy                           0.19      4000
   macro avg       0.24      0.17      0.14      4000
weighted avg       0.25      0.19      0.16      4000
