模型：TextCNN

Accuracy : 0.1320
Precision: 0.1857
Recall   : 0.1320
F1-score : 0.1153

分类报告：
              precision    recall  f1-score   support

           0       0.92      0.15      0.26       350
           1       0.18      0.13      0.15       325
           2       0.00      0.00      0.00       339
           3       0.09      0.02      0.03       302
           4       0.14      0.05      0.07       262
           5       0.04      0.02      0.03       323
           6       0.11      0.14      0.12       290
           7       0.17      0.12      0.14       318
           8       0.19      0.28      0.22       285
           9       0.09      0.08      0.09       321
          10       0.31      0.18      0.23       297
          11       0.00      0.00      0.00        13
          12       0.00      0.00      0.00       297
          13       0.09      0.60      0.15       278

    accuracy                           0.13      4000
   macro avg       0.17      0.13      0.11      4000
weighted avg       0.19      0.13      0.12      4000
