模型：TextCNN

Accuracy : 0.3155
Precision: 0.3516
Recall   : 0.3155
F1-score : 0.3117

分类报告：
              precision    recall  f1-score   support

           0       0.49      0.49      0.49       350
           1       0.20      0.49      0.29       325
           2       0.31      0.44      0.36       339
           3       0.33      0.10      0.15       302
           4       0.34      0.32      0.33       262
           5       0.26      0.30      0.28       323
           6       0.24      0.24      0.24       290
           7       0.22      0.36      0.27       318
           8       0.49      0.37      0.42       285
           9       0.41      0.21      0.28       321
          10       0.62      0.33      0.43       297
          11       0.00      0.00      0.00        13
          12       0.31      0.11      0.17       297
          13       0.38      0.30      0.34       278

    accuracy                           0.32      4000
   macro avg       0.33      0.29      0.29      4000
weighted avg       0.35      0.32      0.31      4000
