模型：TextCNN

Accuracy : 0.2705
Precision: 0.3114
Recall   : 0.2705
F1-score : 0.2686

分类报告：
              precision    recall  f1-score   support

           0       0.39      0.48      0.43       350
           1       0.18      0.35      0.24       325
           2       0.22      0.38      0.28       339
           3       0.25      0.12      0.16       302
           4       0.48      0.26      0.33       262
           5       0.19      0.25      0.22       323
           6       0.15      0.18      0.16       290
           7       0.23      0.37      0.29       318
           8       0.62      0.24      0.35       285
           9       0.26      0.17      0.20       321
          10       0.53      0.37      0.43       297
          11       0.00      0.00      0.00        13
          12       0.20      0.07      0.10       297
          13       0.43      0.22      0.29       278

    accuracy                           0.27      4000
   macro avg       0.29      0.25      0.25      4000
weighted avg       0.31      0.27      0.27      4000
