模型：TextCNN

Accuracy : 0.2975
Precision: 0.3705
Recall   : 0.2975
F1-score : 0.2865

分类报告：
              precision    recall  f1-score   support

           0       0.57      0.47      0.51       350
           1       0.21      0.59      0.31       325
           2       0.32      0.40      0.36       339
           3       0.26      0.11      0.15       302
           4       0.44      0.28      0.34       262
           5       0.25      0.21      0.23       323
           6       0.25      0.08      0.12       290
           7       0.18      0.49      0.26       318
           8       0.65      0.25      0.36       285
           9       0.63      0.10      0.18       321
          10       0.48      0.40      0.44       297
          11       0.00      0.00      0.00        13
          12       0.31      0.09      0.15       297
          13       0.27      0.33      0.30       278

    accuracy                           0.30      4000
   macro avg       0.35      0.27      0.26      4000
weighted avg       0.37      0.30      0.29      4000
