模型准确率:
0.665

分类报告:
              precision    recall  f1-score   support

         101       0.61      0.57      0.59        89
         102       0.58      0.68      0.63        84
         103       0.76      0.79      0.77        85
         104       0.67      0.62      0.64        89
         106       0.65      0.79      0.72        67
         107       0.71      0.67      0.69        73
         108       0.68      0.65      0.66        65
         109       0.62      0.67      0.64        72
         110       0.83      0.58      0.68        83
         112       0.60      0.62      0.61        63
         113       0.55      0.71      0.62        73
         114       0.00      0.00      0.00         4
         115       0.72      0.60      0.65        82
         116       0.75      0.77      0.76        71

    accuracy                           0.67      1000
   macro avg       0.62      0.62      0.62      1000
weighted avg       0.67      0.67      0.66      1000
